32 77
73 63 741 798 629 998 548 582 76 625 338 68 971 201 489 840 793 283 419 361 688 133 719 520 310 432 384 189 557 654 513 217 903 990 231 684 446 613 437 663 914 383 758 348 44 951 38 917 580 395 185 299 694 900 529 104 242 180 554 974 468 441 832 345 65 769 67 571 963 926 922 535 598 276 846 872 340
264 896 66 62 828 302 713 309 200 442 121 32 659 779 166 54 995 96 197 374 73 586 731 949 824 905 516 432 959 666 710 675 421 952 280 385 109 681 597 820 434 290 37 392 229 13 637 267 725 273 526 536 749 507 804 444 684 452 376 768 425 523 232 832 958 253 301 811 871 778 774 253 954 602 923 617 353
519 788 27 526 796 530 373 518 790 798 456 370 555 330 381 378 873 405 868 666 79 555 189 921 594 595 598 207 833 138 660 904 337 617 989 623 488 395 62 508 244 482 728 840 596 346 632 857 642 261 807 665 103 680 23 244 975 318 120 594 367 724 57 161 588 493 315 495 869 983 666 254 220 526 509 545 193
767 769 382 376 968 177 797 156 70 705 928 12 262 50 842 748 936 768 45 935 849 131 111 388 376 603 701 847 667 551 419 121 763 624 42 858 222 9 923 70 259 674 468 174 811 894 936 985 478 801 883 122 411 606 767 188 637 639 896 331 706 806 495 85 877 453 869 257 855 305 238 534 305 28 536 407 949
354 884 477 806 820 644 670 581 108 246 805 45 968 832 962 810 34 524 484 637 327 534 979 995 799 652 699 175 517 909 270 28 175 949 89 520 608 936 410 518 508 356 8 26 828 140 35 210 195 283 342 555 439 350 283 370 268 637 413 589 174 539 99 928 533 187 612 508 534 774 718 749 416 698 188 291 116
93 927 740 216 107 451 823 637 36 662 308 920 386 917 715 222 785 543 898 180 447 230 802 622 350 283 636 710 128 201 1000 79 835 557 63 834 821 692 850 353 953 766 969 771 418 145 401 239 880 793 784 764 297 591 187 248 194 640 138 471 526 831 225 623 453 157 675 217 809 712 26 139 869 714 578 500 743
732 15 615 231 890 731 508 632 272 125 139 543 565 511 51 330 23 558 698 676 504 671 805 174 247 192 434 191 706 957 596 694 467 69 935 119 112 252 69 605 8 833 913 976 146 147 537 935 416 503 681 103 221 445 774 348 802 869 264 967 255 532 747 794 72 363 599 232 589 689 375 856 231 208 536 547 88
734 755 827 347 549 300 511 404 292 803 252 736 863 307 423 952 21 913 424 962 73 895 665 993 452 858 352 302 360 633 880 566 560 263 983 542 166 635 547 533 268 541 598 409 592 60 652 629 50 558 691 713 895 463 154 538 83 150 549 508 619 876 776 373 513 126 402 427 507 653 36 97 566 141 353 38 526
210 929 967 2 810 721 598 974 830 77 522 888 922 696 65 527 128 211 844 545 912 108 122 941 908 441 895 208 256 278 70 283 495 627 725 396 140 434 48 668 878 983 785 74 48 297 118 310 303 32 323 208 157 151 138 282 142 99 576 515 513 389 881 230 537 837 135 50 685 775 959 19 605 299 173 913 670
879 506 711 735 496 770 119 133 601 219 99 612 290 26 711 39 493 472 182 849 213 581 683 389 944 388 49 900 855 688 740 669 531 461 850 345 730 690 28 151 322 501 873 533 165 215 549 233 422 610 405 527 891 920 775 860 700 550 768 466 891 33 493 660 828 679 902 173 39 594 216 956 435 280 835 171 517
191 379 928 497 919 378 555 345 856 174 513 524 357 95 433 752 297 475 229 371 785 189 379 134 842 100 332 315 853 664 212 545 776 923 996 598 720 565 37 988 171 328 502 455 418 701 511 494 806 518 766 783 331 782 778 600 339 622 31 899 372 722 162 626 340 427 45 628 795 878 196 110 123 749 409 558 268
708 533 44 507 591 96 481 259 665 468 428 300 864 773 611 219 120 947 471 99 277 882 748 90 909 841 639 351 549 395 384 835 915 451 202 581 724 547 137 747 575 503 252 485 969 853 666 940 418 312 505 43 920 357 141 941 2 437 679 271 672 52 582 511 874 105 714 830 14 719 214 130 694 756 645 967 681
696 73 238 392 120 24 942 635 820 16 683 950 797 204 844 127 243 216 849 353 918 425 829 461 180 665 672 423 218 753 593 807 70 327 514 498 661 963 947 304 56 373 508 759 860 137 341 56 570 981 864 800 204 362 698 58 465 1 798 378 771 432 59 525 943 485 631 944 501 667 683 638 121 467 608 886 913
964 114 132 599 294 965 111 393 723 870 467 919 991 395 856 877 177 605 306 483 323 77 386 169 887 621 181 342 578 568 4 363 422 756 396 171 826 255 470 502 276 856 882 319 426 279 903 658 125 248 222 433 176 36 928 241 480 545 309 249 11 131 231 43 46 10 486 630 810 766 669 971 270 176 861 942 891
659 249 584 516 851 481 971 172 157 890 413 13 15 998 640 94 505 441 297 853 324 340 752 501 458 557 287 289 967 30 343 458 206 836 711 837 287 283 543 697 479 577 572 927 672 56 516 946 827 416 429 962 763 261 120 644 220 356 132 860 604 379 41 758 520 594 521 376 506 501 566 620 970 203 120 533 163
588 917 176 392 694 326 134 166 384 288 774 867 811 232 152 543 198 291 911 362 897 77 135 543 533 959 376 295 506 647 88 521 368 851 184 960 490 229 72 221 911 774 221 679 883 740 204 89 142 622 599 187 571 562 215 435 148 380 418 813 132 330 952 16 165 829 161 916 235 267 585 857 409 139 566 793 674
392 233 17 931 762 755 379 655 281 667 536 178 755 997 276 715 232 428 234 652 333 555 106 115 918 889 617 742 143 419 344 578 44 326 719 117 711 806 251 405 658 640 277 592 214 311 133 101 3 925 607 563 113 303 845 689 782 375 53 910 49 412 628 666 903 516 131 388 204 37 274 293 469 465 402 348 923
656 759 820 713 26 573 700 658 437 298 573 117 75 565 209 395 200 334 689 371 171 966 192 482 155 384 239 145 876 664 848 714 817 994 919 484 724 886 461 423 708 867 759 225 359 794 767 147 464 381 153 358 370 783 881 986 726 445 379 703 481 894 251 765 370 535 590 90 114 378 616 370 661 111 527 68 840
763 848 82 908 849 777 201 530 919 335 962 270 714 833 512 529 4 852 146 146 77 9 196 237 655 460 729 95 519 69 492 473 505 244 408 259 746 961 123 546 20 338 90 637 142 401 593 212 914 477 739 770 940 103 281 5 639 192 702 371 41 794 162 616 362 116 372 501 9 321 934 115 48 435 324 928 146
331 325 825 625 853 158 353 444 714 483 737 329 774 455 337 255 92 397 269 456 222 192 179 501 457 792 644 739 304 350 506 532 392 203 841 449 4 452 336 766 898 520 162 502 69 196 632 201 36 639 377 291 851 586 325 15 649 515 182 908 690 362 752 806 262 74 371 472 554 244 879 545 693 537 879 477 237
335 920 846 683 910 220 841 428 11 530 38 161 501 417 451 706 750 613 632 71 675 168 632 191 360 701 118 820 726 665 422 270 550 355 318 535 123 21 932 207 891 107 218 474 806 444 504 990 715 287 368 465 326 624 640 203 590 778 443 751 935 935 281 528 491 182 209 314 542 109 932 510 690 695 899 514 304
231 51 88 888 462 304 774 771 74 753 246 767 111 482 870 131 746 311 435 76 604 272 722 855 291 751 24 839 191 586 658 289 692 389 71 175 387 656 4 570 958 305 736 459 492 819 314 636 561 311 247 426 378 417 609 29 176 383 732 508 979 478 499 875 840 590 378 982 102 334 917 170 125 410 761 666 200
268 433 888 485 394 821 468 523 791 109 458 315 596 220 367 770 703 379 828 870 804 283 918 598 644 720 373 831 28 170 963 844 503 725 448 262 214 611 796 613 391 40 884 205 4 439 825 532 86 556 501 844 961 889 631 732 121 836 633 971 893 713 128 216 196 972 763 579 277 602 808 944 219 897 172 142 465
405 26 723 74 268 901 2 300 132 969 543 926 907 223 850 288 671 671 739 177 640 99 461 327 915 337 605 666 696 74 133 450 430 617 124 347 437 854 225 910 548 51 936 914 252 70 411 802 461 609 789 672 640 374 107 722 268 23 244 53 365 389 363 208 962 983 242 514 502 606 801 886 969 735 999 173 175
456 239 876 26 694 767 137 867 630 894 832 911 938 996 163 816 879 815 529 49 245 907 574 814 990 889 868 131 611 915 879 196 779 94 423 213 181 401 418 667 25 301 337 227 426 254 172 177 350 490 520 499 793 439 991 943 958 57 112 298 776 588 977 51 792 607 507 400 64 370 829 599 536 753 995 895 334
737 184 24 267 187 130 792 220 183 157 440 814 283 115 335 526 251 266 157 135 819 894 562 837 683 841 671 562 242 880 733 247 886 536 381 678 419 553 705 621 507 625 305 517 180 452 704 964 88 779 680 800 177 738 42 197 835 87 875 89 775 303 852 181 701 419 25 287 801 60 76 134 338 874 986 381 543
11 934 396 146 474 701 667 2 198 250 112 883 429 651 755 393 193 964 496 437 258 410 381 894 3 114 557 324 849 915 300 266 993 690 628 658 937 53 967 789 283 657 822 371 590 655 785 615 21 845 984 374 635 441 369 362 743 860 731 907 653 204 595 421 373 394 205 415 752 246 53 675 240 871 766 634 287
992 523 834 35 407 172 818 832 775 547 812 719 952 232 316 550 486 402 953 207 608 407 770 894 313 397 435 701 28 121 32 402 980 433 313 331 90 861 862 289 978 563 957 451 560 140 810 268 535 512 750 328 722 17 27 34 663 55 254 538 632 336 182 206 924 98 261 782 702 51 93 372 908 953 916 700 755
734 363 928 112 303 571 415 962 93 585 239 223 275 956 704 20 592 492 435 41 224 757 571 651 550 885 915 28 837 754 609 672 335 815 113 730 37 817 156 383 353 565 34 368 584 772 694 126 812 393 522 65 633 522 427 409 366 406 373 89 454 103 794 745 232 423 567 275 867 295 88 872 326 878 645 924 703
575 85 719 651 342 58 645 502 452 388 513 475 81 667 293 701 74 487 309 447 75 731 925 993 454 522 151 276 460 688 930 168 412 995 864 268 282 27 414 126 82 576 865 892 589 412 519 826 115 465 228 508 842 972 302 807 917 314 539 435 41 473 410 403 668 322 991 560 486 646 219 691 589 119 971 602 404
384 631 893 619 47 734 449 125 50 944 284 181 168 956 538 67 242 68 184 438 810 901 159 714 58 355 731 788 223 397 93 787 520 709 158 850 330 123 268 811 190 138 754 382 797 618 59 314 162 592 711 923 977 155 201 517 567 568 904 904 178 777 589 492 450 281 692 479 25 59 703 117 311 388 199 831 760
341 204 815 330 350 463 267 657 216 326 936 406 353 216 568 512 109 49 63 505 91 456 51 620 270 296 210 493 645 420 481 394 310 222 858 536 462 345 717 226 611 373 338 733 886 564 53 367 227 171 300 938 99 298 821 379 316 487 587 208 79 408 923 346 3 793 522 734 728 613 465 906 166 223 580 175 559